7.65197e-05
7.81356e-05
6.90959e-05
6.74735e-05
6.26185e-05
9.07675e-05
7.36657e-05
9.06568e-05
5.61649e-05
6.89013e-05
5.18488e-05
5.63981e-05
8.69872e-05
6.92747e-05
7.22106e-05
9.15817e-05
7.27126e-05
8.13195e-05
6.16222e-05
0.00011182
6.22643e-05
6.05706e-05
8.43879e-05
4.95269e-05
0.000109263
6.55289e-05
6.41099e-05
7.23708e-05
6.31893e-05
6.79405e-05
7.39587e-05
6.93336e-05
6.93943e-05
6.56865e-05
4.26217e-05
6.71703e-05
9.59462e-05
8.97716e-05
8.4844e-05
6.67167e-05
8.33839e-05
6.77628e-05
7.5829e-05
8.20099e-05
6.33436e-05
6.83076e-05
8.64132e-05
7.50625e-05
4.81454e-05
6.7302e-05
7.06002e-05
7.19129e-05
6.62495e-05
6.1914e-05
9.63496e-05
5.76658e-05
